0 1780 18570
1 15957 7072
2 14328 9499
3 15322 13577
4 157 8281
5 21673 11910
6 11248 14925
7 13753 15594
8 11446 2380
9 2080 19388
10 8701 18565
11 1326 21505
12 674 13207
13 3019 13720
14 7213 10997
15 4917 24712
16 1340 24307
17 7481 15199
18 11077 24547
19 18740 22705
20 12633 18962
21 8716 19833
22 13047 3925
23 2039 18992
24 14223 2180
25 6280 19762
26 4632 1399
27 22216 4633
28 19274 18417
29 14421 23693
30 22725 24470
31 14322 7888
32 5200 10264
33 10948 20281
34 14823 22098
35 22713 9606
36 14452 22436
37 9681 12827
38 2903 3003
39 12259 23889
40 6402 21088
41 537 16696
42 13343 18638
43 10231 16751
44 17392 10812
45 13662 10424
46 6832 3461
47 23926 9821
48 8895 13761
49 11171 23419
50 23086 10778
51 16480 15782
52 19478 19190
53 12704 21974
54 10674 9407
55 17568 20184
56 11156 2882
57 12438 24121
58 2369 10235
59 3176 4234
60 22565 16334
61 898 6236
62 12454 3694
63 10355 13334
64 6392 195
65 21793 11591
66 6214 24617
67 24693 18418
68 299 19240
69 1937 21614
70 11689 2261
71 2215 1961
72 8564 1404
73 18055 5809
74 14 14796
75 11814 7911
76 18707 24412
77 5558 24558
78 24706 13886
79 13744 1414
80 2409 19652
81 14128 2630
82 4359 17871
83 22765 20683
84 14488 10934
85 13144 13394
86 11105 3474
87 13813 323
88 4648 12253
89 9428 13552
90 22523 18706
91 15528 20098
92 117 13821
93 1202 9185
94 6033 19305
95 5199 7297
96 9667 20603
97 9445 13991
98 13476 21134
99 5740 5287
100 1387 3704
101 18608 13791
102 9161 3508
103 19144 19586
104 14594 6187
105 1227 19323
106 22244 19636
107 36 23240
108 22553 19546
109 8227 7467
110 19741 7923
111 24058 8263
112 14674 7228
113 22408 16141
114 17475 7003
115 17909 5813
116 21443 17456
117 20181 17122
118 18777 21204
119 14404 13104
120 16716 9209
121 23863 12805
122 3925 4009
123 9545 14323
124 22096 13140
125 14208 18724
126 15268 21299
127 15515 5236
128 14828 13581
129 20208 22165
130 14341 11941
131 1712 22481
132 14990 22236
133 9739 8545
134 13849 2485
135 10665 3870
136 23514 17015
137 3983 6886
138 11799 12661
139 9107 2578
140 5331 16437
141 122 4399
142 19744 4622
143 22426 721
144 7973 19044
145 8172 10528
146 9406 12522
147 760 22975
148 2055 892
149 4283 14974
150 20399 8488
151 1982 7908
152 958 19400
153 2477 19562
154 19832 12400
155 23931 15600
156 17945 15599
157 21956 8340
158 19981 1961
159 16505 13935
160 2263 1032
161 24060 11301
162 17892 13309
163 4758 17765
164 24793 3408
165 21029 17536
166 16805 20986
167 284 10747
168 19108 14932
169 19665 2660
170 5290 18346
171 16843 5930
172 19991 7557
173 24423 7552
174 13236 1464
175 7063 7781
176 16788 1665
177 15460 3633
178 20498 5524
179 7266 8659
180 5579 10999
181 6682 24076
182 5071 8334
183 23690 8862
184 7415 22788
185 10478 19494
186 14970 2520
187 14206 18290
188 12893 11201
189 14302 7866
190 16857 23843
191 16231 15190
192 11241 6823
193 22980 9311
194 13771 20104
195 17648 13148
196 5536 19409
197 7115 18586
198 19841 12006
199 19866 24334
200 4113 20934
201 9278 8483
202 17912 10800
203 9 7548
204 6176 3113
205 22489 16069
206 18802 10712
207 22506 8255
208 3954 4247
209 17428 19404
210 17251 17485
211 14502 17264
212 14986 15755
213 10166 24630
214 19364 16652
215 6968 17772
216 9039 363
217 20668 19030
218 9742 13730
219 5330 14158
220 7481 15226
221 11748 22536
222 7798 13051
223 23379 22158
224 9898 1262
225 1653 15492
226 2905 8264
227 23216 21263
228 7466 18600
229 4650 15078
230 4219 16543
231 16072 20140
232 19068 10088
233 23008 5821
234 6159 17913
235 22568 1277
236 10037 13386
237 22382 23636
238 4020 20383
239 21908 9964
240 2000 22588
241 10795 3255
242 19300 9581
243 22650 16060
244 21370 2097
245 7746 11762
246 3668 18822
247 849 8648
248 14645 12478
249 1232 23812
250 11787 12053
251 22450 4016
252 12009 17152
253 4443 24645
254 5989 8523
255 3298 23692
256 15998 12151
257 15714 19
258 7348 16977
259 23281 11421
260 6461 21673
261 4810 7479
262 11591 24999
263 17537 10036
264 13024 6366
265 14566 6194
266 19168 22627
267 6384 5651
268 1833 6315
269 3579 1044
270 1596 20434
271 23288 22591
272 4789 13331
273 24478 23370
274 12891 10065
275 12081 13018
276 252 20501
277 12616 6933
278 1958 1043
279 2828 339
280 12164 20599
281 3665 1475
282 13430 14730
283 23356 15837
284 12665 24443
285 6736 18115
286 8799 2402
287 21985 9309
288 20457 7587
289 7507 16013
290 17242 13755
291 17284 6034
292 20062 1409
293 19050 5987
294 18333 21713
295 3149 4237
296 9548 5403
297 2634 23422
298 24536 5327
299 8199 21139
300 1111 8034
301 2046 19434
302 4532 2757
303 16336 13879
304 10489 22087
305 3565 6428
306 16112 12867
307 24952 2735
308 13299 19760
309 16471 3087
310 3530 4022
311 18075 23978
312 7609 23440
313 10033 18411
314 10315 8173
315 12655 6278
316 7859 16621
317 24146 18406
318 1788 20840
319 20211 9321
320 15913 4226
321 13701 1002
322 6919 5901
323 16496 3907
324 8171 319
325 5175 16604
326 24767 5408
327 1313 3409
328 21129 389
329 690 7036
330 18411 10625
331 20301 16515
332 21965 6559
333 3862 14157
334 12692 7870
335 8022 5693
336 21857 19563
337 385 16040
338 20369 9929
339 5250 20113
340 14357 16929
341 4163 19944
342 12627 735
343 11481 9183
344 11664 725
345 23717 18821
346 24093 3748
347 7099 2396
348 22598 6893
349 6036 7369
350 15286 2938
351 8837 7855
352 17190 2426
353 12910 14879
354 6062 6289
355 2842 23252
356 11846 15370
357 9794 21393
358 13643 24337
359 21620 6453
360 2662 23264
361 13700 5631
362 14165 23213
363 5564 3856
364 2542 160
365 23350 24519
366 24660 17487
367 23274 4174
368 1059 24073
369 24352 21075
370 15844 18210
371 17319 22646
372 1924 5264
373 10975 15580
374 15935 12809
375 21491 4483
376 21354 14913
377 9680 16061
378 19731 4265
379 19875 24039
380 22415 15401
381 4283 12715
382 23728 9655
383 4330 1452
384 7884 21040
385 421 17048
386 12124 6517
387 15015 17493
388 6353 2494
389 13098 812
390 476 16834
391 7451 21295
392 18810 2357
393 23377 3849
394 9255 6803
395 1966 12960
396 16056 20281
397 23134 23485
398 7607 13531
399 12909 21774
400 9348 3254
401 23240 5712
402 3280 8015
403 17720 24019
404 934 192
405 18172 1247
406 8871 11053
407 5966 21274
408 24151 17373
409 483 20581
410 4325 24579
411 4061 14304
412 12471 21014
413 3301 18229
414 12057 18755
415 23006 15176
416 16308 22285
417 22138 24297
418 2366 5125
419 83 17343
420 24735 20599
421 18100 10781
422 22655 9860
423 1491 2707
424 16732 20579
425 7817 7334
426 2535 3531
427 16966 5353
428 14073 10535
429 3811 15214
430 21122 19431
431 21339 12267
432 4028 2297
433 8818 1265
434 6289 7091
435 6100 13313
436 6200 22312
437 16349 2359
438 8854 22279
439 4670 22940
440 1228 21855
441 16232 13046
442 8087 21045
443 5928 24067
444 21194 21734
445 18168 16588
446 18663 1382
447 4620 3400
448 12912 2260
449 20338 14603
450 2828 19934
451 2190 12070
452 8839 12768
453 14553 16553
454 19158 12732
455 9617 10805
456 18616 93
457 20834 19351
458 12532 872
459 2828 24642
460 15766 7619
461 24452 2768
462 19497 9762
463 24760 24691
464 23928 6292
465 21493 1122
466 16035 22861
467 14310 15132
468 15875 6617
469 17019 4852
470 24679 13219
471 13144 4331
472 23638 11565
473 20335 3158
474 13129 691
475 12061 12183
476 24375 18671
477 23678 10152
478 17885 19524
479 22414 10330
480 18225 20977
481 21568 13134
482 12085 2495
483 5172 2025
484 8779 9165
485 5020 6294
486 514 12563
487 17621 24502
488 3382 16501
489 8156 10893
490 13601 21629
491 9225 21343
492 18670 20934
493 5164 5611
494 22680 6397
495 3833 17946
496 968 21392
497 4038 13209
498 13154 5815
499 11749 12378
500 15800 1602
