0 7814 15292
1 20096 8599
2 683 10104
3 18406 9149
4 16760 3949
5 16140 18172
6 13421 13466
7 3912 24306
8 16474 13913
9 16941 1696
10 22019 16627
11 18157 24664
12 24563 7256
13 13513 16645
14 20669 18520
15 12176 16625
16 9779 20402
17 14031 22975
18 1308 17695
19 8353 5710
20 13864 13315
21 4518 24407
22 16878 18868
23 13157 10776
24 628 18312
25 1964 3917
26 22278 828
27 17805 21684
28 11989 15048
29 15667 6780
30 24145 307
31 10845 24390
32 17873 23844
33 3416 16574
34 10328 15722
35 9484 5655
36 10883 1560
37 18136 14815
38 830 21983
39 7421 5798
40 21517 3007
41 13330 432
42 4110 5356
43 13236 22585
44 16601 14496
45 20137 20661
46 17356 19565
47 9308 8487
48 4395 21983
49 15633 23322
50 19390 13789
51 18605 24447
52 870 1116
53 13509 9293
54 11436 7276
55 17503 11589
56 14964 651
57 23097 2724
58 13173 249
59 21108 6454
60 17256 23197
61 19012 23787
62 18591 13193
63 14372 16475
64 1451 24810
65 3823 12295
66 23484 11721
67 13637 11466
68 20909 16757
69 24753 7710
70 3219 9731
71 4659 5740
72 13381 22530
73 18500 19005
74 21904 8232
75 21212 14251
76 17370 1602
77 17519 13859
78 17513 21164
79 24995 16390
80 22561 9981
81 9335 14167
82 15326 20101
83 18603 4906
84 4702 444
85 15985 10964
86 617 10116
87 12142 11426
88 4133 14063
89 23377 24492
90 113 6368
91 22961 74
92 1 15500
93 7657 4285
94 15250 14801
95 1686 8983
96 4784 21945
97 6220 15215
98 21325 14853
99 17463 6224
100 21769 20646
101 24929 20016
102 17072 15376
103 21425 2389
104 19454 5561
105 7468 8736
106 13704 1604
107 8182 12545
108 5957 21837
109 10459 15420
110 20979 18166
111 1044 2637
112 12217 10466
113 7590 15308
114 5452 1400
115 14019 661
116 4759 12473
117 8647 7844
118 16113 10815
119 8843 24677
120 9170 3124
121 6970 11683
122 10423 24693
123 18409 19283
124 21514 8275
125 5079 20906
126 5212 8480
127 7794 11378
128 15109 24897
129 17690 8981
130 15442 24747
131 1279 21588
132 11387 9998
133 6120 7637
134 13326 13256
135 23059 15812
136 1902 14215
137 23206 3141
138 1874 19159
139 2656 5887
140 18751 11510
141 1933 2866
142 11120 7021
143 1409 4428
144 14797 13129
145 13039 4575
146 23385 1930
147 6304 6239
148 5356 18046
149 4890 18685
150 4496 17279
151 24837 22883
152 277 5365
153 17998 6348
154 4027 7485
155 19751 6100
156 9416 698
157 473 18447
158 5973 17328
159 21498 528
160 10788 23137
161 24716 4002
162 18440 22627
163 2595 23851
164 966 6055
165 22290 6001
166 17273 10414
167 22719 3196
168 9507 14404
169 9429 5238
170 10021 23276
171 12401 21024
172 13523 9644
173 7910 13500
174 12772 4395
175 26 22164
176 3267 7555
177 6897 1278
178 10618 20536
179 953 7836
180 20238 16229
181 7542 1638
182 11089 19135
183 12578 21981
184 12858 5071
185 18304 21427
186 8128 24605
187 3213 20180
188 5972 2768
189 2423 758
190 14272 15238
191 2510 22277
192 6327 564
193 5405 15143
194 21838 271
195 10942 431
196 2648 14554
197 4400 24426
198 21726 4230
199 6081 6143
200 12270 7102
201 2524 7781
202 9124 17208
203 5572 13381
204 15174 18267
205 3887 10765
206 17938 21708
207 4153 8078
208 3758 13004
209 20018 22200
210 12736 23612
211 1295 18300
212 4875 7612
213 951 11938
214 14996 11767
215 17961 3618
216 16953 7264
217 15351 10588
218 22776 18574
219 14417 12195
220 7494 7265
221 22317 3809
222 4011 23347
223 1677 15159
224 19551 3993
225 2019 14942
226 20621 19427
227 10256 13237
228 17776 11551
229 17668 6950
230 22267 18665
231 10603 2243
232 23315 13826
233 17062 13394
234 1127 2133
235 22182 23858
236 13493 11471
237 19767 2705
238 19545 23749
239 4922 14326
240 23112 546
241 3394 12548
242 604 17600
243 9046 13104
244 17401 1854
245 22715 11516
246 19828 18109
247 12178 13957
248 1263 20076
249 12206 15387
250 21589 10877
251 9755 12858
252 20091 24342
253 13415 17411
254 7998 20537
255 7700 14363
256 197 1676
257 7385 10474
258 15077 6080
259 29 23043
260 14650 5156
261 12401 10785
262 7735 6461
263 12778 19474
264 4246 24357
265 22141 14537
266 9835 9624
267 5770 5573
268 1140 13215
269 924 7555
270 21455 6624
271 20082 7439
272 8896 17042
273 15713 9714
274 7837 1046
275 14081 7614
276 11989 19986
277 17794 7930
278 23826 15003
279 4879 5503
280 16893 14034
281 12334 3456
282 20913 2565
283 14519 24875
284 14133 16841
285 11664 9671
286 2920 10666
287 2810 14134
288 8510 4248
289 16137 16735
290 3241 7513
291 19817 14826
292 12278 7202
293 8177 5543
294 8703 17853
295 2739 11262
296 662 15977
297 22655 22335
298 7744 11066
299 3620 6802
300 18507 18909
301 8163 3741
302 3182 11497
303 11785 14582
304 24439 17867
305 13460 15011
306 7373 21360
307 17393 18081
308 12276 20198
309 22646 1125
310 14368 19872
311 4557 13826
312 24147 10359
313 7355 9389
314 21035 8302
315 19810 4024
316 4452 18425
317 5213 1795
318 7252 14523
319 24796 10473
320 16617 4239
321 10792 24202
322 7197 12357
323 996 10081
324 23803 11569
325 12719 5775
326 23792 18669
327 15719 10531
328 5477 5329
329 5122 18883
330 24367 21438
331 21877 21371
332 24532 19555
333 14506 3864
334 18465 12689
335 20179 3707
336 18560 15916
337 14365 13405
338 19266 22437
339 5561 5948
340 4471 20321
341 4761 7932
342 16682 10711
343 12559 16747
344 376 6183
345 11949 24279
346 7607 15681
347 19169 11419
348 1245 20553
349 12560 9152
350 2473 6782
351 5428 13245
352 15377 14877
353 8408 24363
354 7091 10604
355 1247 9520
356 4387 21207
357 737 16024
358 7717 21229
359 19012 10918
360 329 5255
361 16791 19410
362 12703 19323
363 4615 18524
364 16298 7160
365 8290 14520
366 2174 12057
367 10095 18651
368 8936 24800
369 1333 19092
370 17673 14166
371 24478 19623
372 11139 18343
373 22575 24006
374 10433 6709
375 19727 23018
376 20912 13573
377 5252 9057
378 11921 7583
379 13242 4202
380 17994 18063
381 14536 765
382 16992 8478
383 15525 19750
384 18272 2328
385 15917 14553
386 11750 9783
387 22353 19001
388 3388 6035
389 13861 8711
390 4431 14335
391 13688 14381
392 21817 13868
393 24522 1408
394 4807 7069
395 21982 6722
396 17665 15778
397 17621 24196
398 19430 22965
399 1909 3917
400 2781 5474
401 5532 6282
402 10015 3772
403 8344 14622
404 18400 1980
405 7969 207
406 9427 78
407 17835 16506
408 2680 2429
409 6920 3102
410 7206 9343
411 20423 12315
412 20881 10862
413 22062 16046
414 7550 22926
415 13060 24712
416 11962 320
417 21913 15202
418 8917 15746
419 12608 5911
420 5501 23686
421 24986 24339
422 346 7457
423 13214 22508
424 2256 541
425 419 19435
426 16380 12858
427 24054 6749
428 1347 23129
429 10036 10493
430 4221 7442
431 4867 20563
432 9787 5703
433 10252 6826
434 16750 6347
435 1646 22149
436 6503 7138
437 15394 24131
438 10530 5469
439 10985 8497
440 1880 15986
441 6833 10553
442 16540 1494
443 20217 14748
444 15485 15784
445 20259 10238
446 10319 15556
447 8120 496
448 4644 1241
449 22298 10540
450 11464 4425
451 11858 21793
452 18569 5579
453 3721 23886
454 8627 17579
455 3793 13797
456 2315 12310
457 9013 17160
458 9292 16313
459 13601 17526
460 8739 589
461 4008 19815
462 24953 14914
463 20681 23930
464 7536 21875
465 13677 1060
466 9870 21688
467 32 14451
468 24757 14793
469 2530 17575
470 4905 17394
471 3983 9917
472 24555 9401
473 5100 3086
474 22898 24625
475 3242 24186
476 22061 24849
477 6250 460
478 2645 13997
479 11591 20101
480 21473 959
481 20510 24627
482 22597 5032
483 1504 19901
484 2189 2056
485 17477 4801
486 23477 22258
487 19522 23661
488 16376 15957
489 6534 5113
490 3778 3699
491 5832 4683
492 23534 18813
493 1209 21453
494 1625 4261
495 4359 19280
496 12834 9465
497 9976 24027
498 4005 10910
499 11378 24926
500 13750 14982
501 18970 329
502 20158 6148
503 22637 4616
504 11317 1004
505 9614 13459
506 8421 20440
507 21283 5231
508 17428 22647
509 7244 23139
510 23891 22677
511 19703 2665
512 23568 14015
513 4785 11906
514 6181 18596
515 24785 8471
516 2756 5817
517 583 16347
518 9816 23468
519 22870 16167
520 24640 22209
521 23952 4145
522 2674 13675
523 11461 5395
524 6692 596
525 4791 11685
526 442 4074
527 7601 971
528 16645 2855
529 20385 9571
530 23579 20683
531 21188 24234
532 19183 22061
533 6499 10306
534 18782 22514
535 16254 22322
536 520 6538
537 21775 23188
538 18697 15392
539 21037 4736
540 3181 3388
541 23315 3805
542 12781 18027
543 21689 18397
544 10642 24962
545 10478 17479
546 21564 18238
547 445 16501
548 23058 24901
549 4022 17904
550 6893 21543
551 18655 24187
552 3035 8700
553 3223 12222
554 24173 1885
555 17375 150
556 14728 7327
557 6890 3036
558 11671 4105
559 9083 3857
560 21561 10096
561 9001 8591
562 13287 3389
563 16785 6944
564 8774 19971
565 5094 8804
566 16667 6070
567 15259 22832
568 14848 761
569 10106 5124
570 6515 13090
571 11774 17607
572 19794 5192
573 19486 11512
574 18656 3613
575 2117 19573
576 14040 21395
577 3918 6456
578 15083 5236
579 20521 23036
580 3330 18366
581 7811 4106
582 22057 9199
583 22151 9699
584 18237 20345
585 5444 22088
586 1093 20550
587 5887 4938
588 3299 16954
589 21622 2901
590 22384 2690
591 18956 13891
592 23811 1554
593 24536 14405
594 21146 14545
595 14993 14716
596 18118 2497
597 24584 13574
598 2855 18021
599 12555 20185
600 17008 23377
601 11843 22576
602 7106 20457
603 14256 20633
604 4257 14277
605 6775 4456
606 13617 14094
607 18692 18543
608 21569 16041
609 24066 4912
610 5540 14089
611 8847 22626
612 21953 22864
613 767 19787
614 22611 4521
615 6407 24080
616 20117 21088
617 18347 1877
618 6882 22987
619 22893 2215
620 5314 17081
621 11078 20123
622 7030 381
623 5924 7583
624 14697 16669
625 12971 16816
626 9296 19492
627 24510 676
628 16627 16125
629 16307 23041
630 11610 13202
631 3304 23878
632 14164 24385
633 14300 24099
634 15770 9916
635 20605 3121
636 3598 19579
637 1108 788
638 16414 24503
639 14053 18820
640 9768 24787
641 4002 17785
642 7611 15259
643 16306 7551
644 22781 12385
645 23488 15408
646 18452 15412
647 12686 8187
648 17577 4381
649 6135 6751
650 2162 12062
651 6571 7812
652 9229 16610
653 21541 6828
654 21636 15611
655 5941 2138
656 23721 18557
657 830 1028
658 2074 13342
659 11891 7817
660 20225 23142
661 5409 9555
662 19473 7590
663 7185 18009
664 2387 24059
665 3536 9206
666 8766 23867
667 1973 9401
668 10046 11588
669 24352 6005
670 22936 181
671 19021 14006
672 12448 22317
673 6622 20021
674 572 6265
675 1468 4609
676 108 15844
677 16809 19538
678 18044 13711
679 14793 7593
680 5016 8130
681 7591 19278
682 2195 2335
683 4776 10053
684 21407 2382
685 17704 12271
686 4839 15791
687 13173 7434
688 5683 20757
689 12477 6978
690 10091 21761
691 14674 9142
692 3813 4729
693 7093 18782
694 18950 21126
695 5447 12830
696 18536 17264
697 4160 139
698 13905 11247
699 5264 8686
700 9892 13694
701 8635 2137
702 3419 21839
703 5038 24587
704 4380 18089
705 9328 18327
706 593 6984
707 5627 21752
708 9851 16728
709 16445 15935
710 22407 7386
711 14882 22754
712 6276 18553
713 1614 7981
714 1696 17156
715 6683 20965
716 2153 17868
717 19737 16338
718 14356 21226
719 5528 21326
720 1658 10022
721 17991 23344
722 17987 9754
723 24674 7775
724 674 16531
725 7570 18955
726 15099 16230
727 2321 23225
728 11690 4375
729 19195 10176
730 11520 15089
731 16314 12749
732 7781 1142
733 18912 1195
734 12412 16694
735 13279 24968
736 3769 24395
737 4077 14783
738 3881 27
739 24648 11754
740 2560 1374
741 13511 5680
742 20854 22715
743 16426 16182
744 14307 2272
745 23601 6352
746 22944 13917
747 17350 2356
748 3856 17665
749 22463 2784
750 1419 15488
751 579 16846
752 20877 17226
753 3802 14603
754 16933 7046
755 21736 13332
756 19080 12176
757 17575 20587
758 10413 14485
759 12067 14069
760 972 5784
761 21771 11594
762 2902 8335
763 17045 12080
764 3297 13890
765 18318 20335
766 7440 4130
767 1377 12823
768 327 20816
769 3618 6937
770 13548 1370
771 9837 6811
772 15818 15686
773 23263 22803
774 11285 12457
775 14281 19848
776 15012 6907
777 14871 17648
778 8520 10575
779 9479 9309
780 6877 24875
781 22355 7357
782 15400 4597
783 18916 15239
784 12091 14563
785 887 20729
786 1503 21557
787 12062 5622
788 23866 14042
789 21667 618
790 22543 13201
791 5002 2735
792 10600 3899
793 1968 6887
794 7815 12902
795 16885 11484
796 24997 13319
797 24492 6659
798 13719 3431
799 12797 4434
800 15250 23128
801 23940 1534
802 10446 16582
803 20633 20313
804 9688 12189
805 21909 3928
806 4219 18871
807 14244 3542
808 10148 6798
809 16237 2896
810 20856 17835
811 11638 13813
812 14763 23234
813 16638 15281
814 12135 18345
815 15542 10108
816 16407 1098
817 2083 6532
818 13918 12690
819 2091 22444
820 531 22693
821 9285 7948
822 23681 3557
823 17855 8569
824 15343 2840
825 24258 7381
826 1952 21068
827 19247 24616
828 15993 9605
829 14834 13795
830 7743 117
831 8842 10555
832 22871 13085
833 12583 16584
834 3000 9988
835 23756 6769
836 18239 19902
837 4738 11283
838 14934 1974
839 1355 2060
840 17563 22858
841 16037 13844
842 7669 3720
843 6346 6679
844 11003 24637
845 12531 5674
846 14762 10935
847 2416 15496
848 15885 11985
849 11727 9605
850 15341 1193
851 13989 14810
852 13858 10995
853 13400 8558
854 15889 57
855 17918 19574
856 4155 14297
857 10233 5106
858 16471 6788
859 780 21328
860 5040 19207
861 9737 17664
862 15507 14565
863 13830 19377
864 24677 8860
865 1516 23925
866 1886 6288
867 21545 1189
868 11198 16432
869 5829 15717
870 19806 18244
871 9300 2887
872 19605 12674
873 9428 23001
874 16693 1517
875 9192 1566
876 15159 12946
877 13293 19983
878 4115 10693
879 23576 3319
880 17429 7702
881 22771 941
882 21745 24606
883 24248 21966
884 15919 23940
885 24539 22214
886 20810 22312
887 16429 23690
888 11824 4789
889 2310 9691
890 17843 2567
891 13968 9990
892 11467 7185
893 18997 5446
894 837 21035
895 3204 17731
896 5696 9424
897 24481 17999
898 6155 6338
899 22808 1349
900 21305 9174
901 7216 11445
902 584 22930
903 59 20413
904 1400 23623
905 1973 17577
906 19286 12947
907 10393 19911
908 10092 3603
909 22020 17270
910 11437 4301
911 7180 19915
912 6314 16820
913 3249 12043
914 5128 2441
915 5867 14784
916 18681 16998
917 5445 11639
918 13089 24113
919 11337 13391
920 22425 10298
921 1942 4850
922 18647 19528
923 7336 1508
924 21361 20686
925 3542 6277
926 22018 6747
927 18017 4119
928 14455 19636
929 19054 3989
930 1343 12286
931 18867 2535
932 14771 14115
933 14632 9846
934 3379 16119
935 16113 19620
936 5811 9010
937 2943 24919
938 9961 3064
939 4330 11496
940 19081 10701
941 622 9468
942 11211 3314
943 18671 15661
944 16003 8505
945 3782 11975
946 10347 3371
947 16334 2670
948 3856 18294
949 10121 3583
950 21975 16184
951 8791 6988
952 2718 4199
953 21075 9728
954 16613 18664
955 7893 9972
956 15292 3076
957 9350 3580
958 14733 14991
959 2642 4643
960 14007 10676
961 22817 20491
962 6493 11996
963 15603 18101
964 10146 1829
965 390 10841
966 5505 23314
967 20222 24186
968 16612 10081
969 18661 3847
970 290 6097
971 11577 520
972 12223 7151
973 14597 14253
974 10351 4526
975 20070 24154
976 12339 16025
977 7370 2958
978 4812 16759
979 14498 12544
980 19359 1217
981 15607 17177
982 541 24689
983 11264 4439
984 8456 18949
985 5092 3499
986 2148 8645
987 8202 13612
988 2404 7810
989 8111 23295
990 2947 5176
991 15071 22886
992 12277 21252
993 13748 9085
994 8959 23651
995 10254 4242
996 22715 5310
997 15949 14935
998 21731 1492
999 23170 1436
1000 3496 1227
